BSE

	window.open('stockprc2_excel.aspx?scripcd=' + varScripCode.value + '&FromDate=' + varFromDate.value + '&ToDate=' + varToDate.value + '&OldDMY=' + varDMY.value + '&ScripName=' + lblScripName.value, '_blank',
                'toolbar=yes,location=no, directories=no, status=no, menubar=yes,scrollbars=yes, resizable=yes ,copyhistory=no, width=800, height=600');



BSE main
	http://www.bseindia.com/stockinfo/stockprc2_excel.aspx?scripcd=500002&FromDate=01/01/2009&ToDate=06/19/2014&OldDMY=D

NSE

	window.open("/live_market/dynaContent/live_watch/get_quote/getHistoricalData.jsp?symbol="+symbl+"&fromDate="+frmDat+"&toDate="+toDat+"&datePeriod="+perid+"&hiddDwnld="+dwnld+"");

NSE main

	http://www.nseindia.com/live_market/dynaContent/live_watch/get_quote/getHistoricalData.jsp?symbol=infy&fromDate=01-Jan-2009&toDate=19-Jun-2014&datePeriod=unselected&hiddDwnld=true


	d-dd
	6, 41, 77, 79, 83, 118, 127, 128, 135, 150, 153, 162, 166, 174, 184, 190, 231, 240, 244, 246, 247, 341, 374, 384, 405, 408, 411, 423, 462, 463, 466, 501, 514, 586, 593, 623, 646, 655, 664, 667, 669, 670, 683, 696, 718, 730, 734, 755, 764, 768, 771, 801, 817, 824, 837, 848, 860, 876, 923, 924, 933, 947, 976, 981, 983, 998, 1009, 1026, 1040, 1059, 1089, 1093, 1105, 1115, 1129, 1130, 1152, 1153, 1174, 1206, 1210, 1239, 1249, 1257, 1307, 1387, 1394, 1455, 1478, 1486, 1492, 1496, 1534, 1559, 1573, 1642, 1652, 1671, 1702, 1715, 1727, 1758, 1762, 1770, 1783, 1789, 1792, 1796, 1817, 1818, 1820, 1822, 1840, 1857, 1859, 1905, 1906, 1918, 1919, 1935, 1936, 1965, 1977, 2014, 2016, 2035, 2036, 2041, 2070, 2072, 2083, 2102, 2111, 2115, 2120, 2131, 2133, 2145, 2166, 2173, 2178, 2183, 2192, 2193, 2198, 2225, 2238, 2239, 2259, 2260, 2278, 2296, 2300, 2334, 2337, 2375, 2379, 2386, 2397, 2412, 2420, 2438, 2445, 2446, 2448, 2453, 2458, 2459, 2461, 2467, 2475, 2476, 2496, 2510, 2559, 2569, 2602, 2609, 2611, 2616, 2625, 2628, 2629, 2637, 2642, 2647, 2653, 2654, 2668, 2680, 2690, 2692, 2696, 2716, 2724, 2733, 2734, 2738, 2739, 2748, 2749, 2754, 2757, 2791, 2800, 2804, 2808, 2815, 2837, 2846, 2867, 2881, 2882, 2904, 2909, 2940, 2953, 2960, 3005, 3023, 3082, 3083, 3110, 3117, 3121, 3146, 3147, 3148, 3149, 3155


	dd-d
	1, 3, 12, 16, 25, 35, 69, 70, 89, 97, 104, 106, 111, 115, 131, 154, 156, 163, 171, 176, 193, 229, 253, 263, 268, 271, 275, 289, 290, 298, 300, 319, 326, 333, 375, 410, 414, 419, 420, 426, 439, 449, 471, 478, 480, 482, 483, 492, 527, 534, 537, 604, 663, 689, 699, 701, 725, 727, 820, 828, 845, 872, 905, 927, 962, 973, 984, 1034, 1046, 1053, 1065, 1072, 1166, 1169, 1212, 1231, 1235, 1241, 1260, 1265, 1270, 1278, 1300, 1308, 1312, 1326, 1361, 1370, 1377, 1413, 1444, 1468, 1491, 1501, 1504, 1518, 1538, 1552, 1570, 1613, 1646, 1649, 1673, 1686, 1691, 1704, 1710, 1738, 1740, 1760, 1765, 1773, 1863, 1867, 1868, 1877, 1883, 1888, 1898, 1924, 1964, 1985, 2044, 2052, 2090, 2195, 2205, 2210, 2253, 2258, 2270, 2302, 2319, 2322, 2336, 2381, 2396, 2402, 2415, 2421, 2427, 2435, 2436, 2464, 2465, 2466, 2468, 2483, 2487, 2488, 2511, 2538, 2552, 2570, 2583, 2597, 2630, 2641, 2651, 2664, 2675, 2707, 2717, 2722, 2773, 2778, 2781, 2782, 2792, 2794, 2807, 2810, 2825, 2827, 2845, 2852, 2854, 2866, 2889, 2907, 2913, 2924, 2925, 2927, 2929, 2936, 2939, 2949, 2977, 2980, 2996, 3030, 3035, 3068, 3104, 3111, 3126, 3204, 3205, 3207, 3216

	c-cc
	91, 197, 207, 225, 292, 339, 360, 405, 415, 475, 511, 702, 707, 714, 718, 747, 797, 811, 838, 876, 891, 972, 1064, 1145

	cc-c
	5, 40, 69, 76, 78, 84, 85, 93, 94, 102, 110, 125, 128, 135, 138, 140, 145, 156, 160, 185, 200, 221, 222, 229, 257, 267, 269, 296, 305, 309, 321, 326, 347, 349, 359, 361, 407, 408, 424, 427, 430, 465, 468, 479, 498, 503, 508, 516, 537, 542, 544, 567, 588, 615, 633, 636, 642, 643, 650, 658, 661, 666, 672, 673, 682, 687, 695, 705, 713, 739, 740, 748, 784, 786, 798, 800, 801, 806, 807, 815, 818, 826, 830, 875, 879, 886, 895, 896, 909, 910, 932, 936, 952, 954, 957, 966, 993, 1071, 1077, 1109, 1115, 1118, 1120, 1124, 1160
